1  1202  0
1  829  0
1  309  1
1  338  0
1  503  1
1  635  0
1  823  0
1  826  1 
1  279  1
1  716  0
1  637  1
1  1776  1
1  488  1
1  882  1
1  814  1
1  175  0
1  812  0
1  322  0
1  25   0
1  43   1
2  140	1																			
2  528  1
2  60   1
2  58   0
2  930  0
2  1908  0
2  105  1
2  422  0
2  607  1
2  545  1
2  558  1
2  173  0  
2  541  0
2  248  0
2  362  1
2  569  0
2  614  0
2  1766  1
2  236  0
2  347  1
3  625	0																	
3  1790  0
3  635  0
3  984  1
3  465  1
3  438  1
3  1288  1
3  832  1
3  865  0
3  813  1
3  656  1
3  249  1
3  1154  0
3  1033  0
3  1298  0
3  754  0
3  1551  1
3  829  1
3  314  0
3  698  1
4  833	0	           																	
4  1844  1
4  437  1
4  817  1
4  825  1
4  87   1
4  455  1
4  643  1
4  195  0
4  816  1
4  315  0
4  354  0
4  1860  1
4  1897  1
4  10   1
4  136  1
4  1883  1
4  1652  1
4  91   0
4  58   0
5  769	1																		
5  1248  0
5  1831  1
5  1248  1
5  867  1
5  872  1
5  1598  1
5  307  0
5  1701  1
5  1275  0
5  1287  1
5  560  0
5  1004  0
5  1551  0
5  1632  0
5  1572  0
5  1273  0
5  447  0
5  1984  0
5  1982  0
6  1635	 1		            																
6  752  0
6  899  0
6  199  0
6  744  0
6  759  0
6  1022  0
6  877  0
6  448  1
6  1814  1
6  1765  1
6  1496  0
6  279  0
6  901  0
6  460  0
6  1686  0
6  1270  0
6  1763  0
6  1310  0
6  773  1
7  1226  0																				 																		
7  223  1
7  187  1
7  1527  0
7  434  0
7  1064  1
7  116  1
7  1386  1
7  1440  1
7  1471  0
7  1689  1
7  879  1
7  103  0 
7  694  0
7  1693  0
7  160  1
7  581  0
7  602  1
7  843  0
7  940  0
8  283  1						 				
8  1520  0
8  1007  0
8  329  0
8  1059  1
8  1630  1
9  1174  1																														
9  1179  1
9  1201  1
9  1981  0
9  1991  0
9  1618  0
9  1513  1
9  9     0
9  1960  0
9  1645  1
9  478  0
9  410  0
9  503  0
9  929  0
9  1711  0
9  746  0
9  474  0
9  1654  0
9  521  0
9  897  0
10  277	 1																
10  718  1
10  1838  1
10  1927  0
10  1674  0
10  1401  0
10  1576  0
10  1269  0
10  265  0
10  1363  1
10  1388  0
10  1392  1
10  1878  0
10  603  1
10  1805  0
11  1686  0																								
11  1291  0
11  786  1
11  1611  1
11  1102  0
11  1041  0
11  1288  0
11  151  0
11  582  0
11  788  0
11  1120  1
11  146  1
11  1167  0
11  1402  1
11  1083  1
11  943  0
11  1638  1
11  85  0
11  649  1
11  1082  1
12  1248  1	 																			
12  1102  0
12  948  0
12  1129  0
12  1377  0
12  1057  0
12  673  1
12  671  1
12  672  1
12  1275  1
12  786  1
12  1287  0
12  1879  0
12  1819  0
12  1968  1
12  1499  1
12  1199  1
12  1598  0
12  1565  0
12  1272  0
13  866  0										
13  655  0
13  464  1
13  1003  1
13  1697  0
13  984  1
14  895  1												
14  1501  1
14  1848  0
14  1919  0
14  1839  0
14  1887  0
14  846  0
14  34  0
14  1161  0
14  1162  0
14  1291  0
14  1540  0
14  339  0
15  1455  0																										
15  1525  0
15  1723  0
15  1770  1
15  1401  1
15  863  1
15  411  1
15  424  1
15  457  1
15  1430  0
15  1269  0
15  1038  0
15  1473  1
15  1542  0
15  1592  0
15  420  0
15  510  0
15  745  0
15  961  0
15  973  0
16  1298  1					  																		
16  1379  1
16  1544  1
16  898  0
16  1058  1
16  1937  1
16  12  1
16  1647  0
16  737  0
16  1008  0
16  1682  1
16  347  0
16  362  0
16  786  0
16  353  0
16  1307  0
16  1715  0
16  694  0
16  1627  0
16  478  1
17  1393  1							
17  1478  1
17  674  1
17  1512  0
17  1033  1
17  569  0
17  614  0
17  486  0
18  535	 0						 			
18  1979  1
18  992  0
18  511  0
18  1401  1
18  336  0
19  780	 1																		
19  1121  1
19  1094  1
19  379  1
19  1102  1
19  1714  0
19  1810  1
19  207  0
19  218  0
19  1076  0
19  1167  0
19  1903  1
19  215  0
19  667  0
19  1008  0
19  1448  0
19  1697  1
20  1982  1																								
20  689  1
20  1288  0
20  1647  1
20  1270  1
20  1681  1
20  643  0
20  355  0
20  1056  0
20  1111  1
20  1997  1
20  316  0
20  1368  0
20  1374  0
20  1379  1
20  1842  1
20  1905  0
20  1918  1
20  1960  1
20  967  0
21  1700  0							
21  1692  0
21  1619  1
21  1934  1
21  1563  1
21  990  1
21  993  1
21  984  1
22  1552  1															
22  1929  1
22  786  1
22  1067  0
22  1384  1
22  733  0
22  1387  1
22  918  0
22  239  0
22  788  0
22  332  0
22  343  0
23  414	 1																					
23  1255  1
23  1101  1
23  824  1
23  1762  0
23  1279  1
23  964  0
23  1578  1
23  899  0
23  967  0
23  1133  0
23  266  1
23  1005  0
23  1282  0
23  1446  0
23  1488  0
23  499  1
23  858  0
23  1031  0
23  127  0
24  1762  1																									
24  773  1
24  778  1
24  177  0
24  105  0
24  960  0
24  1005  0
24  1189  1
24  450  1
24  1629  0
24  83  0
24  186  1
24  339  0
24  935  0
24  984  1
24  1190  1
24  1748  0
24  809  0
24  1702  1
24  1732  1
25  1762  0																														
25  193  1
25  636  1
25  186  1
25  112  0
25  754  1
25  569  0
25  614  0
25  1131  0
25  1298  0
25  185  1
25  521  1
25  1337  1
25  899  1
25  323  0
25  61  0
25  174  1
25  184  1
25  560  1
25  474  0
26  395  1																								
26  1388  0
26  1242  1
26  805  1
26  1044  0
26  1246  1
26  1691  1
26  1729  1
26  1890  0
26  1901  1
26  836  1
26  1095  1
26  1111  1
26  1265  1
26  1305  0
26  1347  0
26  1348  1
26  1411  1
26  1434  1
26  1473  1
27  1161  0																			
27  1162  0
27  225  0
27  1446  0
27  1448  0
27  1488  0
27  1604  0
27  1215  0
27  1717  0
27  1905  1
27  191  0
27  1571  0
27  1298  0
27  1292  0
27  139  0
27  1765  0
27  1814  0
27  1860  1
27  1897  1
27  446  1
28  1571  0																							
28  667  0
28  1450  1
28  822  0
28  1033  0
28  904  0
28  839  0
28  1664  1
28  957  1
28  311  1
28  286  1
28  1536  0
28  1949  0
28  990  0
28  1452  0
28  1846  0
28  351  0
28  1415  0
28  354  0
28  761  1
29  841  1																						
29  1913  1
29  456  0
29  127  1
29  1208  1
29  1281  1
29  1916  0
29  432  0
29  1288  0
29  1034  0
29  402  0
29  1354  1
29  1935  1
29  374  1
29  489  0
29  1927  0
29  716  0
29  973  0
29  208  0
29  1456  0
30  441  1			 																		
30  412  1
30  1109  0 
30  455  1
30  1524  1
30  389  0
30  422  1
30  781  0
30  1076  0
30  857  1
30  817  0
30  426  0
30  1491  0
30  1906  1
30  1983  0
30  267  0
30  91  0
30  1844  0
30  1415  0
30  1924  0
31  1696  0																					
31  1690  0
31  1802  1
31  1706  0
31  125  0
31  171  0
31  469  0
31  1222  0
31  1273  0
31  1552  0
31  1919  0
31  553  1
31  1274  0
31  1763  1
31  1662  1
31  1686  1
31  1765  0
31  1814  0
31  1681  0
31  1593  0
32  455	 1																		
32  1924  0
32  1192  0
32  314  0
32  99  0
32  406  0
32  643  0
32  547  1
32  1505  0
32  1919  0
32  205  0
32  167  0
32  254  0
32  995  1
32  1652  0
32  267  0
32  1208  1
32  1281  1
32  351  1
32  159  0
33  873	 1																						
33  1607  1
33  1156  0
33  1033  1
33  1132  0
33  1160  0
33  427  1
33  1367  0
33  551  0
33  1323  0
33  858  0
33  287  0
33  290  0
33  25  1
33  1615  0
33  1770  0
33  299  0
33  897  0
33  899  0
33  1705  0
34  1408  1																			
34  1124  1
34  1030  1
34  1323  0
34  39  0
34  583  0
34  959  0
34  730  0
34  1255  0
34  1271  0
34  1334  0
34  1335  0
34  205  0
34  737  0
34  781  0
34  1115  0
34  1127  0
34  1243  0
34  1683  0
34  175  0
35  1551  1																					
35  1122  1
35  1765  0
35  1814  1
35  1552  1
35  1004  1
35  1929  1
35  1186  0
35  227  1
35  226  0
35  151  0
35  635  0
35  1256  1
35  1474  1
35  1581  1
35  1639  1
35  1690  1
35  1802  1
35  1847  0
35  1885  1
36  823	 1																				
36  491  1
36  567  1
36  628  1
36  734  0
36  496  0
36  664  0
36  819  0
36  1515  1
36  1363  0
36  1392  1
36  299  0
36  498  1
36  1530  0
36  529  0
36  764  0
36  1089  1
36  1303  1
36  1321  1
36  367  1
37  718	 1																			
37  1876  1
37  1963  1
37  1127  1
37  1695  1
37  1219  0
37  1566  0
37  622  1
37  1269  1
37  1562  1
37  1715  0
37  1310  0
37  1682  0
37  1777  1
37  876  0
37  1592  1
37  1642  1
37  1101  1
37  1429  0
37  1832  1
38  1521  0																					
38  1149  1
38  409  1
38  413  1
38  1948  1
38  286
38  343  1
38  14  1
38  1661  0
38  1809  0
38  1850  0
38  1859  0
38  1918  1
38  931  0
38  1260  0
38  1687  0
38  87  1
38  419  0
38  521  0
38  723  1
39  1135  1																					
39  1041  0
39  50  0
39  1415  0
39  212  1
39  393  0
39  1987  1
39  518  1
39  1579  1
39  723  1
39  112  1
39  307  1
39  447  1
39  172  1
39  459  1
39  938  1
39  965  1
39  6  1
39  331  1
39  1513  1
40  1059  1																					
40  1472  1
40  1691  1
40  1095  1
40  1475  1
40  1388  1
40  1782  1
40  1212  0
40  786  0
40  151  0
40  664  0
40  733  0
40  1071  0
40  1216  0
40  1252  0
40  1149  1
40  1860  0
40  1897  0
40  1061  0
40  1615  0
41  1927  1																
41  1365  1
41  2000  1
41  1288  1
41  718  0
41  1770  1
41  651  0
41  1964  1
41  1645  0
41  1995  0
41  1289  1
41  1925  0
41  1992  0
41  329  0
41  1676  1
42  395  1																					
42  323  0
42  796  1
42  1390  0
42  726  1
42  831  1
42  852  1
42  101  1
42  1400  1
42  1816  0
42  57  1
42  1071  1
42  1883  0
42  1844  0
42  773  1
42  1077  0
42  853  0
42  1578  0
42  899  0
42  304  0
43  66  1																					
43  1013  0
43  1415  1
43  1196  1
43  1737  1
43  1781  1
43  1621  1
43  1030  1
43  1441  1
43  393  0
43  1105  0
43  1366  0
43  984  1
43  1521  1
43  1649  1
43  987  0
43  1039  0
43  338  0
43  1017  0
43  1458  1
44  431	 1																		
44  261  1
44  1219  0
44  1108  0
44  1424  1
44  101  1
44  1136  1
44  57  0
44  756  0
44  1000  1
44  1953  0
44  1310  0
44  1345  0
44  655  1
44  894  0
44  909  0
44  1551  0
45  576  1																					
45  1446  1
45  1488  1
45  1452  0
45  1812  1
45  284  1
45  761  1
45  1854  1
45  1882  1
45  243  1
45  1846  1
45  406  1
45  1038  0
45  418  1
45  1444  1
45  1415  1
45  28  0
45  983  1
45  14  0
45  612  0
46  266	 1														
46  739  1
46  723  1
46  1297  1
46  899  0
46  1551  0
46  186  0
46  1401  0
46  1288  0
46  635  0
46  1686  0
46  1131  0
46  1681 0
46  1132  0
46  307  0
46  447	  0			
46  455  0
46  1695  0
46  1766  0
46  1844  0
47  1448  1																				
47  921  1
47  1363  1
47  199  0
47  446  1
47  1337  0
47  1664  1
47  811  0
47  1911  1
47  389  1
47  749  1
47  723  0
47  139  1
47  752  1
47  626  1
47  486  1
47  592  1
47  819  0
47  830  1
47  908  1
48  1844  1																						
48  1883  1
48  847  0
48  1312  1
48  1860  1
48  1897  1
48  1028  1
48  414  0
48  1212  1
48  494  1
48  653  0
48  1779  0
48  1393  0
48  887  1
48  838  1
48  792  1
48  854  1
48  746  0
48  1520  0
48  1796  0
49  53  1																						
49  125  1
49  237  0
49  583  0
49  1153  1
49  1230  1
49  1634  1
49  1650  1
49  371  0
49  514  0
49  855  0
49  189  0
49  795  0
49  1763  0
49  563  0
49  755  1
49  1131  0
49  1666  0
49  1669  0
49  236  0
50  1750  1																			
50  1666  0
50  1669  0
50  994  1
50  1386  1
50  1440  1
50  1892  1
50  1383  1
50  696  1
50  1942  1
50  1996  1
50  586  1
50  944  1
50  1874  1
50  1971  1
50  1265  1
50  682  1
50  1308  1
50  1204  1
50  1689  1






