1  1202  0																			
1  829  0
1  309  1
1  338  0
1  635  0
1  503  0
1  823  1
1  279  0
1  826  1
1  637  1
1  716  1
1  814  1
1  1776  1
1  1934  0
1  322  0
1  488  1
1  812  0
1  882  1
1  648  1
1  779  1
2  528  1 	  																		
2  140  1
2  1908  0
2  545  1
2  558  1
2  607  1
2  362  1
2  347  1
2  1297  0
2  58  0
2  422  0
2  828  0
2  28  1   
2  1176  1
2  200  1
2  643  0
2  988  1  
2  1156  0
2  1312  1
2  1944  1
3  1790  0																			
3  625  0
3  635  0
3  984  1
3  1288  1
3  813  1
3  754  0
3  865  1
3  1298  0
3  1551  1
3  1317  0
3  698  1
3  832  1
3  1043  1
3  438  1
3  465  1
3  816  0
3  1017  1
3  460  0
3  936  1
4  833  0																			
4  1844  0
4  195  0
4  825  1
4  437  1
4  816  1
4  817  1
4  87  1
4  455  1
4  643  0
4  1010  1
4  315  0
4  354  0
4  10  1
4  136  1
4  1860  1
4  1883  1
4  1897  1
4  533  0
4  620  1
5  769  1										
5  1701  1
5  1275  0
5  867  1
5  1248  1
5  1287  1
5  872  1
5  1284  0
5  1598  1
5  1831  1
5  307  0
6  1635  1																			
6  899  0
6  752  0
6  199  0
6  744  0
6  1765  1
6  1814  1
6  448  1
6  1496  0
6  279  0
6  95  0
6  1540  1
6  1790  0
6  181  0
6  930  0
6  1255  0
6  460  0
6  901  0
6  1630  0
6  187  1
7  223  1    																			
7  187  1
7  1527  0
7  1064  1
7  116  1
7  434  0
7  1551  0
7  1112  1
7  1471  0
7  1689  1
7  879  1
7  1386  1
7  1440  1
7  1479  0
7  160  1
7  1960  1
7  581  0
7  843  0
7  103  0
7  1693  0
8  283  1		
8  1059  1
8  1630  1
9  1174  1		 																	
9  1179  1
9  1201  1
9  1981  0
9  1991  0
9  1618  0
9  1513  1
9  1960  0
9  9   0
9  1645  1  
9  478  0
9  410  0
9  503  0
9  929  0
9  1711  0
9  746  0
9  474  0
9  1654  0
9  521  0
9  897  0
10  277  1														
10  718  1
10  1838  1
10  1927  0
10  1674  0
10  1401  0
10  1576  0
10  265  0
10  1363  1
10  1388  0 
10  1392  1
10  1878  0
10  603  1
10  1805  0
10  1269  0
11  1686  0																		
11  1291  0
11  786  1
11  1102  0
11  1611  1
11  1041  1
11  1288  0
11  151  0
11  582  0
11  788  0
11  1120  1
11  943  0
11  146  1
11  1083  1
11  1167  0
11  1402  1
11  1638  1
11  85  0
11  94  1
12  1248  1																	
12  1275  1
12  673  1
12  671  1
12  786  0
12  948  0
12  1287  0
12  672  1
12  1598  0
12  1819  0
12  1879  0
12  1102  0
12  1499  1
12  1199  1
12  1968  1
12  1377  0
12  1272  0
12  1576  0
13  866	 0				
13  655  0
13  464  1
13  1003  1
13  1697  0
13  984  1
14  895  1												
14  1501  1
14  1848  0  
14  1919  0
14  1839  0
14  1887  0
14  846  0
14  1540  0
14  1161  0
14  1162  0
14  34  0
14  1291  0
14  339  0
15  1770  1																			
15  1401  1
15  1269  0
15  745  0
15  961  0
15  1065  0
15  1136  0
15  1473  1
15  1542  1
15  1592  0
15  176  1
15  1764  1
15  1946  1
15  1948  1
15  411  1
15  973  0
15  424  1
15  457  1
15  1430  0
15  1820  1
16  1298  1																			
16  1544  1
16  1937  1
16  786  0
16  347  0
16  362  0
16  1307  0
16  1715  1
16  1682  1
16  353  0
16  634  0
16  898  0
16  254  0
16  264  0
16  267  0
16  334  0
16  407  0
16  248  0
16  419  1
16  454  0
17  569	 0			
17  614  0
17  1512  0
17  1033  1
17  486  0
18  535	 0				
18  1979  1
18  992  0
18  511  0
18  1401  1
18  336  0
19  379  1										
19  1714  1
19  1810  1
19  1076  0
19  1903  1
19  207  0
19  218  0
19  1167  0
19  215  0
19  667  0
19  1448  0
20  1982  1																			
20  689  1
20  1288  0
20  1270  1
20  1647  1
20  1681  1
20  643  0
20  355  0
20  1111  1
20  1997  1
20  1056  0
20  1368  0
20  1379  1
20  1842  1
20  1918  1
20  1960  1
20  316  0
20  967  0
20  1129  0
20  1374  1
21  1700  0							
21  1692  0
21  1619  1
21  1934  1
21  1563  1
21  990  1
21  993  1
21  984  1
22  1552  1  	 							
22  1929  1
22  786   1
22  1384  1
22  733  0
22  918  0
22  239  0
22  332  0
22  343  0
23  1101  1	 												
23  824  1
23  1255  1
23  1762  0
23  414  1
23  1279  1
23  964  0
23  1578  1
23  899  0
23  1133  0
23  858  0
23  1797  0
23  1282  0
23  744  1
24  778  1  																			
24  960  0
24  1762  1
24  773  1
24  177  0
24  1189  1
24  450  1
24  1629  0
24  83  0
24  935  0
24  984  1
24  1190  1
24  1748  0
24  313  0
24  809  0
24  962  1
24  975  0
24  980  0
24  1353  1
24  1613  0
25  1762  0																			
25  193  1
25  636  1
25  186  1
25  112  0
25  185  1
25  569  0
25  614  0
25  184  1
25  61  0
25  754  1
25  645  1
25  235  0
25  236  1
25  1148  0
25  1549  1
25  198  1
25  747  1
25  228  1
25  47  1
26  395  1  																			
26  1388  0
26  805  1
26  1246  1
26  1691  1
26  1890  0
26  1901  1
26  1044  0
26  1095  1
26  1111  1
26  1265  1
26  1305  0
26  1347  0
26  1348  1
26  1411  1
26  1434  1
26  1639  1
26  1729  1
26  1889  1
26  836  1
27  1161  0																			
27  1162  0
27  1215  0
27  1905  1
27  225  0
27  1765  0
27  1814  0
27  139  0
27  1448  1
27  1735  1
27  932  0
27  1717  0
27  431  0
27  116  0
27  1163  0
27  1571  0
27  159  0
27  191  0
27  500  1
27  655  0
28  1033  1																			
28  957  1
28  1536  0
28  1664  1
28  667  0
28  1011  1
28  1366  1
28  1976  0
28  249  1
28  389  1
28  1447  1
28  1908  1
28  336  1
28  486  1
28  1761  1
28  1014  1
28  862  1
28  1924  1
28  395  1
28  1584  0
29  841  1																			
29  1208  1
29  1281  1
29  1916  0
29  432  0
29  489  1
29  1354  1
29  973  0
29  1456  0
29  374  1
29  1615  0
29  1034  0
29  1431  1
29  927  1   
29  1416  1
29  285  1
29  1137  0
29  160  0
29  327  1
29  43  0
30  441  1																			
30  412  1
30  1109  0
30  455  1
30  1906  1
30  857  1
30  389  0
30  1415  0
30  1924  0
30  142  1
30  1773  1
30  781  0
30  167  0
30  1914  1
30  267  0
30  579  1
30  587  1
30  105  1
30  58  1
30  426  0
31  1690  0																			
31  1802  1
31  171  0
31  469  0
31  1273  0
31  1222  0
31  1919  0
31  553  1
31  1274  0
31  1763  1
31  1969  0
31  1662  1
31  1686  1
31  1765  0
31  1814  0
31  1681  0
31  1593  0
31  668  0
31  1214  0
31  1381  1
32  455  1																			
32  1924  0
32  1192  0
32  314  0
32  99  0
32  406  0
32  643  0
32  547  1
32  1505  0
32  1919  0
32  205  0
32  167  0
32  254  0
32  267  0
32  995  1
32  1652  0
32  1208  1
32  1281  1
32  351  1
32  759  1
33  873  1																			
33  1607  1
33  1156  0
33  1033  1
33  1160  0
33  427  1
33  1132  1
33  551  0
33  1367   0
33  858  0
33  299  0
33  372  1
33  287  0
33  821  0
33  883  0
33  1645  0
33  1839  1
33  1887  1
33  290  0
33  1234  1
34  1408  1																			
34  1124  1
34  1030  1
34  1323  0
34  959  0
34  39  0
34  583  0
34  730  0
34  1255  0
34  1271  0
34  1334  0
34  1335  0
34  737  0
34  1243  0
34  1683  0
34  1772  0
34  205  0
34  781  0
34  1115  0
34  1127  0
35  1122  1  	   																		
35  1552  1
35  1004  1
35  1929  1
35  1186  1
35  227  1
35  226  0
35  635  0
35  151  0
35  1551  1
35  1256  1
35  1474  1
35  1581  1
35  1639  1
35  1690  1
35  879  1
35  939  0
35  1277  1
35  1532  0
35  1603  0
36  1515  1				
36  357  0
36  387  0
36  128  0
36  1288  1
37  718	 1																	
37  1963  1
37  1269  1
37  1219  0
37  1566  0
37  1562  1
37  192  0
37  229  0
37  277  1
37  307  1
37  1127  1
37  1715  0
37  1876  1
37  1310  0
37  1682  0
37  1777  1
37  1695  1
37  876  0
37  1288  0
38  1149  1																			
38  1521  0
38  409  1
38  1948  1
38  413  1
38  286  0
38  343  1
38  1551  1
38  14  1
38  1661  0
38  1809  0
38  1850  0
38  1918  1
38  1260  0
38  1687  0
38  1859  0
38  87  1
38  931  0
38  419  0
38  521  0
39  1135  1																			
39  212  0
39  1041  0
39  50  0
39  1415  0
39  1987  1
39  518  1
39  1579  1
39  723  1
39  307  1
39  112  1
39  447  1
39  172  1
39  965  1
39  459  1
39  938  1
39  331  1
39  6   1
39  1551  1
39  1722  0
40  1691  1																			
40  1095  1
40  1472  1
40  1475  1
40  1388  1
40  1782  1
40  1059  1
40  786  0
40  1212  0
40  664  0
40  733  0
40  1252  0
40  1216  0
40  1061  0
40  569  0
40  614  0
40  1097  0
40  247  0
40  566  0
40  1316  0
41  1927  1													
41  1365  1
41  2000  1
41  1288  1
41  718  0
41  1770  1
41  1964  1
41  1995  0
41  1289  1
41  1645  0
41  1925  0
41  1992  0
41  329  0
41  1676  1
42  323  0																			
42  796  1
42  831  1
42  852  1
42  101  1
42  57  1
42  1077  0
42  1992  0
42  1578  0
42  304  0
42  395  1
42  1116  1
42  1604  1
42  518  1
42  759  0
42  1444  0
42  474  1
42  1797  0
42  521  1
42  900  1
43  1013  0																			
43  66  1
43  1737  1
43  1781  1
43  1196  1
43  1366  0
43  1621  1
43  1030  1
43  1441  1
43  393  0
43  1105  0
43  984  1
43  1649  1
43  1039  0
43  1521  1
43  1297  0
43  1651  1
43  1697  1
43  1008  0
43  1252  1
44  431  1															
44  261  1
44  1219  0
44  1424  1    
44  101  1
44  1136  1
44  1953  0
44  57  0
44  756  0
44  1000  1
44  1310  0
44  1345  0
44  655  1
44  894  0
44  909  0
44  1551  0
45  576  1																			
45  1446  1
45  1488  1
45  761  1
45  243  1
45  1452  0
45  1846  1
45  1959  1
45  418  1
45  1444  1
45  1755  1
45  311  1
45  286  1
45  755  0
45  1415  1
45  963  1
45  983  1
45  1578  1
45  560  1
45  478  0
46  266  1					
46  739  1
46  723  1
46  1297  1
46  899  0
46  1551  0
47  921  1																			
47  1363  1
47  1448  1
47  199  0
47  1664  1
47  446  1
47  811  0
47  389  1
47  723  0  
47  749  1
47  139  1
47  1911  1
47  752  1
47  592  1
47  819  0
47  830  1
47  908  1
47  1392  1
47  186  0
47  715  0
48  1844  1																			
48  1883  1
48  847  0
48  1312  1
48  1860  1
48  1897  1
48  1028  1
48  414  0
48  1212  1
48  494  0
48  1779  0
48  1520  0
48  1796  0
48  653  0
48  746  0
48  1156  1
48  1393  0
48  1670  0
48  792  1
48  838  1
49  53  1																
49  125  1
49  237  0
49  583  0
49  1153  1
49  1230  1
49  514  0
49  855  0
49  189  0
49  795  0
49  563  1
49  755  0
49  1131  0
49  1415  1
49  1881  0
49  1924  0
49  1926  0
50  1750  1  																			
50  1666  0
50  1669  0
50  994  1
50  1386  1
50  1440  1
50  1892  1
50  1971  1
50  696  1
50  944  1
50  1308  1
50  1383  1
50  1874  1
50  1932  1
50  1942  1
50  1996  1
50  1047  1
50  1204  1
50  1265  1
50  1412  1






